0.5 0.0
1.5 0.0
2.5 1.1246475456120156e-234
3.5 9.466630721722622e-92
4.5 2.58432343743019e-42
5.5 8.159036099985029e-21
6.5 5.609856503349083e-10
7.5 0.000646883079569076
8.5 2.935352092059354
9.5 2.5022255116124615e-14
10.5 1.4084205589961437e-09
11.5 9.701364822795618e-06
12.5 0.003569133845721336
13.5 0.4304271545277289
14.5 16.66537168408094
15.5 300.7834654280219
16.5 2987.3275184703734
17.5 18658.002004062262
18.5 80545.84082725513
19.5 269784.94701017265
20.5 734483.0966086441
21.5 1708611.1657325667
22.5 3431062.233988673
23.5 6165417.719399249
24.5 9994403.101726351
25.5 15224085.438039646
26.5 21798104.776896756
27.5 29796045.646535404
28.5 38748707.81555408
29.5 48584294.363841474
30.5 58392317.167827845
31.5 68983988.85706626
32.5 79696700.79264913
33.5 90704824.4196313
34.5 100980123.1089908
35.5 110827890.8608162
36.5 119009811.54788314
37.5 127553226.984262
38.5 135403654.8829871
39.5 143083630.11109653
40.5 149189863.11040026
41.5 154404272.99139357
42.5 157493785.13319495
43.5 161282828.19218898
44.5 164455541.99666148
45.5 167652810.7042286
46.5 169564661.95229992
47.5 170962487.6421362
48.5 170369958.42335325
49.5 170831337.23532686
50.5 170800358.67743975
51.5 170942228.4830908
52.5 170001118.12421948
53.5 168820438.42956495
54.5 165972021.6006155
55.5 164372413.88560912
56.5 162579590.66855803
57.5 514046839.0081309
58.5 159087399.69842586
59.5 788313347.6089197
60.5 152936164.01630542
61.5 149990066.6302936
62.5 147671791.54903305
63.5 145546686.31726775
64.5 142696861.61415768
65.5 139914617.0618137
66.5 209411904.3809634
67.5 280381465.65728724
68.5 130097650.63023026
69.5 191247391.48656794
70.5 107356609.95607626
71.5 105582730.87067765
72.5 102531572.74546823
73.5 100695889.43160823
74.5 98847060.07717471
75.5 97435179.79827492
76.5 95447772.16208257
77.5 93474987.77517289
78.5 90357266.34069899
79.5 88405513.75038294
80.5 86379779.91959898
81.5 84770000.18909173
82.5 82675788.68974979
83.5 80541243.204986
84.5 77433096.34486432
85.5 75399300.75703998
86.5 73391539.62139808
87.5 71755253.98028587
88.5 69667576.59546012
89.5 67714666.50292107
90.5 64750029.423436455
91.5 62793744.007196486
92.5 60874397.407291934
93.5 59239924.357740976
94.5 57267277.04042959
95.5 55337911.29165922
96.5 52508381.56527249
97.5 50652931.80648779
98.5 48749068.04676574
99.5 47111599.46713029
100.5 45164310.63580306
101.5 43253220.29030361
102.5 40571774.103141114
103.5 38716458.03692128
104.5 36909722.40808159
105.5 35238940.02375952
106.5 33370513.204998635
107.5 31589806.126032073
108.5 28920726.205755133
109.5 27114788.441240616
110.5 25252673.17238806
111.5 23529918.04806732
112.5 21593962.472319867
113.5 19809760.45327041
114.5 16717547.371400356
115.5 14810947.401540188
116.5 13459122.18360074
117.5 11735660.722615395
118.5 7620433.916682772
119.5 3240037.7182386843
